[gd_scene load_steps=12 format=3 uid="uid://b1crsfac8w577"]

[ext_resource type="Script" path="res://scenes/levels/level-pipe/LevelPipe.gd" id="1_np3rm"]
[ext_resource type="PackedScene" uid="uid://cdjc6e4dbhcwl" path="res://scenes/components/walls/WallsBricks.tscn" id="2_lhngp"]
[ext_resource type="PackedScene" uid="uid://b1oc0t30nx6jo" path="res://scenes/components/floors/FloorsBricks.tscn" id="3_orgoq"]
[ext_resource type="PackedScene" uid="uid://b6av1hu6mdqwc" path="res://scenes/components/columns/ColumnsBrick.tscn" id="4_cv6s0"]
[ext_resource type="PackedScene" uid="uid://d2173so402ot" path="res://scenes/components/columns/column-brick/ColumnBrick.tscn" id="5_1ys0y"]
[ext_resource type="PackedScene" uid="uid://elbdl1602kxd" path="res://scenes/components/lights/metal-wall-lamp/MetalWallLamp.tscn" id="6_sqkvf"]
[ext_resource type="PackedScene" uid="uid://cva11xlcydc8q" path="res://scenes/components/objects/blade-propeller/BladePropeller.tscn" id="7_cwwtf"]
[ext_resource type="PackedScene" uid="uid://0yk11tny8soe" path="res://scenes/components/lights/SpotProjector.tscn" id="8_xt4me"]
[ext_resource type="PackedScene" uid="uid://rduu177fqnsc" path="res://scenes/components/objects/cannon/Cannon.tscn" id="9_f3lgk"]
[ext_resource type="PackedScene" uid="uid://bd6jqhg5jtskw" path="res://scenes/components/objects/demonic-ball/DemonicBall.tscn" id="10_b0drw"]
[ext_resource type="PackedScene" uid="uid://dolj6kux70jbf" path="res://scenes/components/player/Player.tscn" id="11_mmrub"]

[node name="LevelPipe" type="Node3D"]
script = ExtResource("1_np3rm")
metadata/_edit_lock_ = true

[node name="Walls" type="Node3D" parent="."]
metadata/_edit_lock_ = true
metadata/_edit_group_ = true

[node name="WallsBricks_1" parent="Walls" instance=ExtResource("2_lhngp")]
transform = Transform3D(-5.24537e-08, 1.2, -5.24537e-08, 0, -5.24537e-08, -1.2, -1.2, -5.24537e-08, 2.29282e-15, -10, 16.8, 0)

[node name="WallsBricks_2" parent="Walls" instance=ExtResource("2_lhngp")]
transform = Transform3D(-1.2, 1.04907e-07, -4.58565e-15, 0, -5.24537e-08, -1.2, -1.04907e-07, -1.2, 5.24537e-08, 4, 11, 10)

[node name="WallBricks_3" parent="Walls" instance=ExtResource("3_orgoq")]
transform = Transform3D(-5.24537e-08, -1.2, 5.24537e-08, 0, -5.24537e-08, -1.2, 1.2, -5.24537e-08, 2.29282e-15, 14, 16.8, -4)

[node name="WallsBricks_5" parent="Walls/WallBricks_3" instance=ExtResource("2_lhngp")]
transform = Transform3D(1, 0, 0, 0, 1, 0, 0, 0, 1, 24, 0, 0)

[node name="WallsBricks_4" parent="Walls" instance=ExtResource("2_lhngp")]
transform = Transform3D(1.2, 0, 0, 0, -5.24537e-08, -1.2, 0, 1.2, -5.24537e-08, 0, 16.8, -14)

[node name="WallsBricksCorner" type="Node3D" parent="Walls"]
metadata/_edit_lock_ = true
metadata/_edit_group_ = true

[node name="WallsBricks_corner_1" parent="Walls/WallsBricksCorner" instance=ExtResource("2_lhngp")]
transform = Transform3D(-0.707107, 0.707107, -3.09086e-08, 0, -4.37114e-08, -1, -0.707107, -0.707107, 3.09086e-08, -5, 13, 8)

[node name="WallsBricks_corner" parent="Walls/WallsBricksCorner/WallsBricks_corner_1" instance=ExtResource("2_lhngp")]
transform = Transform3D(1, 0, 0, 0, 1, 0, 0, -3.55271e-15, 1, -6, 9.53674e-07, -24)

[node name="WallsBricks_corner_2" parent="Walls/WallsBricksCorner" instance=ExtResource("2_lhngp")]
transform = Transform3D(0.707107, -0.707107, 3.09086e-08, 0, -4.37114e-08, -1, 0.707107, 0.707107, -3.09086e-08, 9, 13, -12)

[node name="WallsBricks_corner_3" parent="Walls/WallsBricksCorner" instance=ExtResource("2_lhngp")]
transform = Transform3D(-0.707107, -0.707107, 3.09086e-08, 0, -4.37114e-08, -1, 0.707107, -0.707107, 3.09086e-08, 12, 13, 4.5)

[node name="FloorsBricks_1" parent="Walls/WallsBricksCorner/WallsBricks_corner_3" instance=ExtResource("3_orgoq")]
transform = Transform3D(-1, -4.79616e-14, 0, 0, 1.24345e-14, -1, -3.55271e-15, -1, 3.19744e-14, 0.060648, -9.88911, -9.999)

[node name="FloorsBricks_2" parent="Walls/WallsBricksCorner/WallsBricks_corner_3" instance=ExtResource("3_orgoq")]
transform = Transform3D(-0.707107, -7.462e-08, 0.707107, -0.707107, -3.09086e-08, -0.707107, 7.462e-08, -1, -3.09086e-08, 18.0607, -3.88911, -10)

[node name="WallsBricks_corner_4" parent="Walls/WallsBricksCorner" instance=ExtResource("2_lhngp")]
transform = Transform3D(0.707107, 0.707107, -3.09086e-08, 0, -4.37114e-08, -1, -0.707107, 0.707107, -3.09086e-08, -8, 13, -9)

[node name="FloorsBricks" parent="Walls/WallsBricksCorner/WallsBricks_corner_4" instance=ExtResource("3_orgoq")]
transform = Transform3D(-1, -8.74228e-08, 0, 0, -4.37114e-08, -1, 8.74228e-08, -1, 4.37114e-08, 28, 14, -10)

[node name="Floors" type="Node3D" parent="."]
metadata/_edit_lock_ = true
metadata/_edit_group_ = true

[node name="FloorsBricks_floor" parent="Floors" instance=ExtResource("3_orgoq")]
transform = Transform3D(1, 0, 0, 0, 1, 0, 0, 0, 1, 0, 0, -4)

[node name="FloorsBricks_roof_1" parent="Floors" instance=ExtResource("3_orgoq")]
transform = Transform3D(1, 0, 0, 0, -1, 8.74228e-08, 0, -8.74228e-08, -1, 0, 28.8, 0)

[node name="FloorsBricks_roof_2" parent="Floors" instance=ExtResource("3_orgoq")]
transform = Transform3D(1, 0, 0, 0, -1, 8.74228e-08, 0, -8.74228e-08, -1, 0, 28.8, 24)

[node name="ColumnsBrick" type="Node3D" parent="."]
metadata/_edit_lock_ = true
metadata/_edit_group_ = true

[node name="ColumnsBrick_1" parent="ColumnsBrick" instance=ExtResource("4_cv6s0")]
transform = Transform3D(1, 0, 0, 0, 1, 0, 0, 0, 1, 5.4, 0, 2.506)

[node name="ColumnsBrick_2" parent="ColumnsBrick" instance=ExtResource("4_cv6s0")]
transform = Transform3D(1, 0, 0, 0, 1, 0, 0, 0, 1, -2.13463, 0, -3.98761)

[node name="ColumnsBrick_3" parent="ColumnsBrick" instance=ExtResource("4_cv6s0")]
transform = Transform3D(1, 0, 0, 0, 1, 0, 0, 0, 1, -2.13463, 0, 3.01239)

[node name="ColumnsBrick_4" parent="ColumnsBrick" instance=ExtResource("4_cv6s0")]
transform = Transform3D(1, 0, 0, 0, 1, 0, 0, 0, 1, 5.57703, 0, -4.68947)

[node name="ColumnBrick_1" parent="ColumnsBrick" instance=ExtResource("5_1ys0y")]
transform = Transform3D(0.4, 0, 0, 0, 0.4, 0, 0, 0, 0.4, 2.4, -2.38419e-07, -5.8)

[node name="ColumnBrick_2" parent="ColumnsBrick" instance=ExtResource("5_1ys0y")]
transform = Transform3D(0.4, 0, 0, 0, 0.4, 0, 0, 0, 0.4, 0.804374, -2.38419e-07, -1.7592)

[node name="ColumnBrick_3" parent="ColumnsBrick" instance=ExtResource("5_1ys0y")]
transform = Transform3D(0.4, 0, 0, 0, 0.4, 0, 0, 0, 0.4, -3.6, -2.38419e-07, 0.2)

[node name="ColumnBrick_4" parent="ColumnsBrick" instance=ExtResource("5_1ys0y")]
transform = Transform3D(0.4, 0, 0, 0, 0.4, 0, 0, 0, 0.4, 2.8, -2.38419e-07, 1)

[node name="ColumnBrick_5" parent="ColumnsBrick" instance=ExtResource("5_1ys0y")]
transform = Transform3D(0.4, 0, 0, 0, 0.4, 0, 0, 0, 0.4, 1.91728, -2.38419e-07, 5.12514)

[node name="ColumnBrick_6" parent="ColumnsBrick" instance=ExtResource("5_1ys0y")]
transform = Transform3D(0.4, 0, 0, 0, 0.4, 0, 0, 0, 0.4, 6, -2.38419e-07, -1.8)

[node name="ColumnBrick_7" parent="ColumnsBrick" instance=ExtResource("5_1ys0y")]
transform = Transform3D(0.4, 0, 0, 0, 0.4, 0, 0, 0, 0.4, -1.53928, 7.15255e-07, -7.59271)

[node name="Lights" type="Node3D" parent="."]
metadata/_edit_lock_ = true
metadata/_edit_group_ = true

[node name="LightmapGI" type="LightmapGI" parent="Lights"]
metadata/_edit_lock_ = true

[node name="Sun" type="DirectionalLight3D" parent="Lights"]
transform = Transform3D(1, 0, 0, 0, -4.37114e-08, 1, 0, -1, -4.37114e-08, 0, 23, 0)
light_color = Color(0.364706, 0.364706, 0.364706, 1)
light_bake_mode = 1
directional_shadow_mode = 0
sky_mode = 1
metadata/_edit_lock_ = true

[node name="MetalWallLamp_2" parent="Lights" instance=ExtResource("6_sqkvf")]
transform = Transform3D(-4.37114e-08, 0, -1, 0, 1, 0, 1, 0, -4.37114e-08, 14.0013, 26.5216, 7.37553)

[node name="MetalWallLamp_3" parent="Lights" instance=ExtResource("6_sqkvf")]
transform = Transform3D(-4.37114e-08, 0, -1, 0, 1, 0, 1, 0, -4.37114e-08, 14.0013, 10.2659, -2.37065)
is_blink = true

[node name="MetalWallLamp_4" parent="Lights" instance=ExtResource("6_sqkvf")]
transform = Transform3D(-4.37114e-08, 0, 1, 0, 1, 0, -1, 0, -4.37114e-08, -10.0035, 10.2659, -2.37066)

[node name="MetalWallLamp_5" parent="Lights" instance=ExtResource("6_sqkvf")]
transform = Transform3D(1, 0, 0, 0, 1, 0, 0, 0, 1, 1.938, 10.266, -14.0045)
is_blink = true

[node name="MetalWallLamp_6" parent="Lights" instance=ExtResource("6_sqkvf")]
transform = Transform3D(-1, 0, -8.74228e-08, 0, 1, 0, 8.74228e-08, 0, -1, 1.938, 10.266, 10.0073)

[node name="SpotProjector_1" parent="Lights" instance=ExtResource("8_xt4me")]
transform = Transform3D(0.99882, 4.24467e-09, 0.0485534, 2.77554e-17, -0.999999, 8.74227e-08, 0.0485534, -8.73196e-08, -0.99882, 1.67371, 28.2798, -1.94618)

[node name="Objects" type="Node3D" parent="."]
metadata/_edit_lock_ = true
metadata/_edit_group_ = true

[node name="ColumnBrick" parent="Objects" instance=ExtResource("5_1ys0y")]
transform = Transform3D(0.707107, 1.0677e-07, -0.707107, 1.50996e-07, -1, 0, -0.707107, -1.0677e-07, -0.707107, 1.65185, 33.4845, -1.93002)

[node name="BladePropeller" parent="Objects" instance=ExtResource("7_cwwtf")]
transform = Transform3D(212.594, 111.373, -4.86826e-06, 0, -1.04907e-05, -240, -111.373, 212.594, -9.29276e-06, 5.00022, 16.9399, 4.27667)

[node name="ColumnBrick_1" parent="Objects/BladePropeller" instance=ExtResource("5_1ys0y")]
transform = Transform3D(-0.00188562, 5.55112e-17, 0.00188562, 0, 0.00266667, -6.66134e-16, -0.00188562, -1.11022e-16, -0.00188562, 0.000129973, 0.0054745, 4.61182e-05)

[node name="ColumnBrick_2" parent="Objects/BladePropeller" instance=ExtResource("5_1ys0y")]
transform = Transform3D(-0.00188562, 5.55112e-17, 0.00188562, 0, 0.00266667, -6.66134e-16, -0.00188562, -1.11022e-16, -0.00188562, 0.000129973, 0.0189377, 4.61182e-05)

[node name="Cannon" parent="Objects" instance=ExtResource("9_f3lgk")]
transform = Transform3D(0.707107, 0, 0.707107, 0, 1, 0, -0.707107, 0, 0.707107, 12.6422, 0.479785, 10.197)

[node name="DemonicBall" parent="Objects/Cannon" instance=ExtResource("10_b0drw")]
transform = Transform3D(-1, 0, -8.74228e-08, 0, 1, 0, 8.74228e-08, 0, -1, -2.38419e-07, 2.456, -7.321)

[node name="Player" parent="." instance=ExtResource("11_mmrub")]
transform = Transform3D(1, 0, 0, 0, 1, 0, 0, 0, 1, 0, 2, 0)
platform_floor_layers = 4
